Speed limits outside of city:
Car: 90, 110
Bus: 80, 80
Truck, 70, 80                 ... or 90

Прицеп: 80, 80
Буксир: 50, 50
Большой-прицеп = BE: 70, 70
B1/квадроцикл: 80 (трицикл?)
Трактор: 40
Самокат: 20 (везде)

============================================
Iteration 5 (Repeating the remaining=not-repeated questions)
4/188
3/199
4/161

Wrong:
155, 202, 337, 344,
549, 740, 808, 
918, 920, 1019, 1020, 



Unsure:
18, 23, 29, 81, 125, 143, 179, 180, 182, 221, 263, 386, 390, 391, 417, 447, 484, 511, 638, 652, 658, 677, 708, 750, 762, 790, 796, 802, 875, 893, 896, 905, 916, 931, 933, 935, 959, 969, 986, 987, 999, 1001, 1005, 1045, 1152, 1159, 1184, 

Careful:
193, 


Should be fine:




============================================

let i1wrong = [260, 883, 884, 906, 914, 924, 949, 1059, 1114, 1219, 1220, 829, 1000, 1318, 1322, 256, 602, 605, 614, 625, 631, 649, 671, 254, 353, 545, 675, 746, 751, 752, 375, 1154, 1155, 1156, 1157, 1170, 189, 192, 785, 787, 798, 1181, 1182, 1186, 1199, 1215, 1241, 1242, 4, 75, 105, 118, 126, 150, 168, 175, 35, 139, 1281, 1030, 965, 977, 980, 981, 1314, 52, 230, 376, 433, 481, 941, 270, 274, 275, 276, 277, 281, 282, 285, 291, 296, 299, 311, 312, 313, 506, 507, 509, 510, 885, 225, 229, 231, 354, 565, 863, 317, 326, 330, 348, 478, 487, 957, 422, 430, 436, 444, 445, 450, 266, 534, 1050, 461, 546, 550, 552, 590, 1134, 1136, 332, 586, 845, 847, 868, 946, 163, 520, 521, 522, 527, 1270, 588, 596, 890, 966, 1011, 1023, 1046, 1051, 1064, 1077, 1264, 801, 827, 828, 867, 1068, 1297, 1635, 1697, 844, 1052, 1082, 1329, 1347, 1700, 1701, 1702, 1703, 1706, 1708, 1711, 1712, 1713, 1715, 1718, 1719, 1722, 1756, 1757, 1779, 1784];
let i1unsure = [923, 925, 1053, 1056, 1098, 1106, 1224, 1225, 1230, 1342, 1572, 1069, 1336, 611, 616, 641, 669, 745, 749, 754, 756, 758, 1102, 1149, 1151, 1160, 1232, 774, 800, 1188, 1196, 1203, 1205, 1239, 107, 153, 165, 169, 178, 184, 327, 199, 203, 217, 218, 1282, 1009, 1014, 569, 1039, 1040, 1086, 328, 355, 820, 930, 932, 934, 968, 973, 974, 975, 983, 984, 988, 989, 991, 993, 1306, 303, 351, 371, 385, 394, 439, 455, 464, 942, 951, 265, 269, 283, 287, 298, 302, 304, 424, 426, 432, 434, 492, 224, 232, 233, 248, 307, 540, 1158, 1271, 860, 861, 862, 1304, 1307, 1428, 1695, 292, 320, 321, 322, 324, 339, 343, 350, 372, 373, 479, 495, 496, 499, 811, 1253, 1269, 96, 1250, 368, 451, 454, 456, 460, 513, 515, 533, 553, 554, 556, 559, 563, 567, 570, 1131, 1132, 571, 573, 585, 587, 812, 869, 870, 172, 524, 526, 535, 806, 809, 826, 347, 877, 948, 1258, 500, 505, 543, 592, 593, 597, 599, 600, 810, 872, 909, 970, 1027, 1054, 1062, 1071, 1084, 1190, 1251, 1265, 1268, 1280, 1284, 818, 823, 831, 833, 842, 865, 866, 953, 956, 994, 995, 1033, 1066, 1067, 1070, 1287, 1288, 1298, 1301, 1315, 1326, 1431, 1650, 1660, 1727, 1072, 1081, 1345, 1355, 1439, 1699, 1704, 1707, 1714, 1716, 1720, 1721, 1723, 1742, 1743, 1744, 1747, 1748, 1751, 1753, 1759, 1766, 1768, 1774, 1775, 1776, 1781, 1788, 1790, 1791];
let i1repeated = [...i1wrong, ...i1unsure];
let i1not_repeated = allQuestionNumbers.filter(n => !i1repeated.includes(n));
console.log(i1not_repeated.join(', '));

Output:
1, 2, 5, 6, 7, 9, 10, 11, 13, 14, 15, 16, 17, 18, 20, 21, 23, 24, 25, 26, 27, 29, 31, 32, 33, 34, 37, 38, 39, 40, 41, 42, 43, 45, 47, 48, 49, 50, 51, 53, 54, 56, 57, 58, 59, 62, 63, 64, 65, 66, 67, 68, 69, 73, 76, 78, 79, 80, 81, 88, 89, 91, 92, 93, 97, 99, 102, 106, 108, 109, 110, 113, 114, 115, 116, 119, 120, 121, 122, 123, 125, 128, 130, 134, 137, 138, 140, 141, 142, 143, 144, 146, 148, 149, 151, 152, 155, 157, 158, 161, 162, 166, 167, 170, 171, 173, 174, 176, 177, 179, 180, 181, 182, 183, 185, 186, 187, 188, 190, 193, 194, 195, 196, 198, 200, 202, 204, 205, 206, 207, 208, 211, 212, 213, 216, 219, 221, 222, 226, 228, 235, 246, 250, 251, 255, 257, 261, 262, 263, 264, 267, 268, 271, 272, 273, 279, 280, 286, 288, 289, 290, 293, 294, 295, 297, 300, 301, 305, 306, 310, 314, 315, 316, 325, 329, 333, 334, 335, 336, 337, 342, 344, 345, 346, 352, 356, 357, 358, === 359, 360, 361, 367, 369, 370, 374, 377, 378, 379, 382, 383, 384, 386, 388, 389, 390, 391, 392, 396, 397, 398, 400, 401, 402, 403, 404, 405, 406, 407, 408, 409, 410, 411, 414, 415, 416, 417, 418, 419, 421, 423, 425, 427, 428, 431, 435, 437, 438, 440, 441, 442, 447, 449, 452, 453, 457, 458, 462, 463, 468, 469, 471, 472, 475, 476, 477, 480, 482, 483, 484, 485, 486, 488, 489, 497, 498, 501, 503, 504, 508, 511, 512, 518, 519, 528, 537, 539, 541, 544, 547, 548, 549, 555, 557, 560, 566, 574, 581, 582, 598, 601, 607, 610, 618, 620, 622, 628, 630, 633, 635, 636, 638, 639, 640, 645, 646, 647, 650, 651, 652, 653, 654, 655, 656, 657, 658, 659, 660, 661, 662, 663, 664, 665, 666, 667, 668, 670, 673, 677, 679, 681, 683, 685, 687, 689, 691, 696, 697, 698, 699, 706, 708, 710, 712, 714, 716, 718, 722, 724, 726, 731, 732, 735, 737, 738, 740, 742, 750, 760, 762, 764, 766, 768, 770, 771, 776, 777, 778, 779, 780, 782, 784, 789, 790, 792, 794, 796, 799, 802, 803, 804, 805, 808, 813, 814, 815, 816, 819, === 822, 830, 832, 834, 835, 836, 837, 838, 839, 840, 841, 843, 849, 850, 851, 852, 853, 854, 855, 856, 857, 858, 859, 864, 871, 873, 874, 875, 876, 878, 879, 886, 887, 888, 889, 891, 892, 893, 894, 895, 896, 897, 898, 899, 900, 901, 902, 903, 905, 908, 910, 911, 912, 913, 915, 916, 918, 919, 920, 921, 922, 927, 929, 931, 933, 935, 937, 947, 950, 952, 954, 955, 959, 961, 962, 963, 964, 969, 976, 978, 979, 985, 986, 987, 997, 999, 1001, 1002, 1003, 1004, 1005, 1006, 1007, 1008, 1010, 1013, 1015, 1016, 1017, 1018, 1019, 1020, 1021, 1024, 1025, 1026, 1028, 1032, 1037, 1038, 1041, 1042, 1045, 1047, 1048, 1049, 1055, 1061, 1063, 1065, 1073, 1074, 1075, 1076, 1078, 1079, 1080, 1083, 1085, 1087, 1088, 1089, 1091, 1092, 1093, 1125, 1126, 1133, 1137, 1138, 1140, 1142, 1145, 1147, 1152, 1159, 1161, 1163, 1164, 1168, 1171, 1172, 1173, 1174, 1175, 1176, 1177, 1178, 1179, 1184, 1185, === 1187, 1189, 1191, 1192, 1193, 1198, 1201, 1208, 1211, 1213, 1216, 1226, 1227, 1228, 1234, 1236, 1238, 1240, 1243, 1244, 1245, 1246, 1247, 1248, 1249, 1252, 1254, 1255, 1256, 1257, 1259, 1260, 1261, 1262, 1263, 1266, 1273, 1275, 1276, 1278, 1283, 1285, 1286, 1290, 1294, 1295, 1296, 1299, 1305, 1308, 1309, 1313, 1316, 1321, 1325, 1327, 1328, 1330, 1331, 1332, 1333, 1334, 1335, 1337, 1338, 1339, 1340, 1341, 1346, 1349, 1353, 1354, 1379, 1380, 1381, 1426, 1430, 1449, 1475, 1482, 1484, 1486, 1577, 1579, 1591, 1608, 1609, 1649, 1651, 1655, 1696, 1698, 1705, 1728, 1738, 1745, 1746, 1749, 1750, 1752, 1754, 1755, 1758, 1760, 1761, 1762, 1763, 1764, 1765, 1767, 1769, 1770, 1771, 1772, 1773, 1777, 1778, 1780, 1782, 1783, 1785, 1786, 1787, 1789, 1792

============================================
Iteration 4:
Wrong: 260
Correct: 829, 1281, 478, 946, 232

============================================

Iteration 3:

Wrong:
260, 829, 1281, 478, 946, 232


Unsure:
883, 884, 924, 1059, 1114, 1318, 256, 602, 605, 614, 625, 649, 254, 545, 675, 1155, 1156, 189, 192, 787, 1182, 1215, 35, 965, 977, 980, 230, 433, 481, 270, 275, 276, 277, 282, 285, 296, 312, 507, 509, 225, 317, 326, 330, 348, 422, 430, 1050, 546, 550, 1136, 586, 845, 847, 1051, 925, 1053, 1098, 1336, 745, 1232, 1205, 165, 169, 932, 988, 942, 269, 540, 1158, 559, 573, 869, 593, 597, 1704, 1720


Should be fine:
671, 1154, 150, 139, 



============================================
Iteration 2:

Wrong:
260, 883, 884, 924, 1059, 1114, 829, 1318, 256, 602, 605, 614, 625, 649, 671, 254, 545, 675, 1154, 1155, 1156, 189, 192, 787, 1182, 1215, 150, 35, 139, 1281, 965, 977, 980, 230, 433, 481, 270, 275, 276,  277, 282, 285, 296, 312, 507, 509, 225, 317, 326, 330, 348, 478, 422, 430, 1050, 546, 550, 1136, 586, 845, 847, 946, 1051, 925, 1053, 1098, 1336, 745, 1232, 1205, 165, 169, 932, 988, 942, 269, 232, 540, 1158, 559, 573, 869, 593, 597, 1704, 1720


Unsure:
906, 914, 1219, 1000, 1322, 631, 353, 746, 751, 752, 375, 1157, 1170, 785, 798, 1181, 1186, 1199, 1242, 4, 168, 175, 1030, 981, 1314, 376, 941, 274, 281, 299, 311, 313, 506, 510, 885, 229, 231, 565, 863, 487, 957, 436, 444, 445, 450, 266, 534, 461, 552, 590, 332, 868, 923, 1056, 1106, 1224, 1225, 1069, 611, 616, 641, 749, 754, 756, 758, 1149, 1151, 774, 1188, 1196, 1203, 1239, 153, 178, 184, 327, 199, 218, 1282, 1009, 1014, 1039, 1040, 1086, 328, 934, 968, 973, 974, 975, 984, 989, 991, 993, 1306, 351, 394, 439, 455, 464, 265, 298, 302, 304, 432, 492, 233, 307, 1271, 860, 861, 862, 1304, 1307, 292, 320, 321, 324, 339, 343, 372, 495, 496, 811, 1253, 1269, 96, 1250, 454, 456, 460, 553, 554, 556, 570, 585, 870, 172, 524, 526, 806, 

New unsure:
163, 520, 521, 522, 527, 1270, 588, 596, 890, 966, 1011, 1023, 1046, 1064, 1077, 1264, 801, 827, 828, 867, 1068, 1297, 1635, 1697, 844, 1052, 1082, 1329, 1347, 1700, 1701, 1702, 1703, 1706, 1708, 1711, 1712, 1713, 1715, 1718, 1719, 1722, 1756, 1757, 1779, 1784, 948, 1258, 500, 505, 543, 592, 599, 600, 810, 872, 909, 970, 1027, 1054, 1062, 1071, 1084, 1190, 1251, 1265, 1268, 866, 953, 956, 994, 995, 1033, 1287, 1288, 1298, 1326, 1431, 1727, 1072, 1081, 1355, 1439, 1699, 1707, 1721, 1723, 1744, 1747, 1759, 1766, 1768, 1774, 1775, 1776, 1790, 


Careful:
75, 105, 118, 126, 52, 800, 107, 203, 


Should be fine:
949, 1220, 1241, 291, 1134, 1230, 1342, 1572, 669, 1102, 1160, 217, 569, 355, 820, 930, 983, 303, 371, 385, 951, 283, 287, 424, 426, 434, 224, 248, 1428, 1695, 322, 350, 373, 479, 499, 368, 451, 513, 515, 533, 563, 567, 1131, 1132, 571, 587, 812, 525, 809, 826, 347, 877, 1280, 1284, 818, 823, 831, 833, 842, 865, 1066, 1067, 1070, 1301, 1315, 1650, 1660, 1345, 1714, 1716, 1742, 1743, 1748, 1751, 1753, 1781, 1788, 1791


============================================
Iteration 1:

Wrong:
260, 883, 884, 906, 914, 924, 949, 1059, 1114, 1219, 1220, 829, 1000, 1318, 1322, 256, 602, 605, 614, 625, 631, 649, 671, 254, 353, 545, 675, 746, 751, 752, 375, 1154, 1155, 1156, 1157, 1170, 189, 192, 785, 787, 798, 1181, 1182, 1186, 1199, 1215, 1241, 1242, 4, 75, 105, 118, 126, 150, 168, 175, 35, 139, 1281, 1030, 965, 977, 980, 981, 1314, 52, 230, 376, 433, 481, 941, 270, 274, 275, 276, 277, 281, 282, 285, 291, 296, 299, 311, 312, 313, 506, 507, 509, 510, 885, 225, 229, 231, 354, 565, 863, 317, 326, 330, 348, 478, 487, 957, 422, 430, 436, 444, 445, 450, 266, 534, 1050, 461, 546, 550, 552, 590, 1134, 1136, 332, 586, 845, 847, 868, 946, 163, 520, 521, 522, 527, 1270, 588, 596, 890, 966, 1011, 1023, 1046, 1051, 1064, 1077, 1264, 801, 827, 828, 867, 1068, 1297, 1635, 1697, 844, 1052, 1082, 1329, 1347, 1700, 1701, 1702, 1703, 1706, 1708, 1711, 1712, 1713, 1715, 1718, 1719, 1722, 1756, 1757, 1779, 1784


Unsure:
923, 925, 1053, 1056, 1098, 1106, 1224, 1225, 1230, 1342, 1572, 1069, 1336, 611, 616, 641, 669, 745, 749, 754, 756, 758, 1102, 1149, 1151, 1160, 1232, 774, 800, 1188, 1196, 1203, 1205, 1239, 107, 153, 165, 169, 178, 184, 327, 199, 203, 217, 218, 1282, 1009, 1014, 569, 1039, 1040, 1086, 328, 355, 820, 930, 932, 934, 968, 973, 974, 975, 983, 984, 988, 989, 991, 993, 1306, 303, 351, 371, 385, 394, 439, 455, 464, 942, 951, 265, 269, 283, 287, 298, 302, 304, 424, 426, 432, 434, 492, 224, 232, 233, 248, 307, 540, 1158, 1271, 860, 861, 862, 1304, 1307, 1428, 1695, 292, 320, 321, 322, 324, 339, 343, 350, 372, 373, 479, 495, 496, 499, 811, 1253, 1269, 96, 1250, 368, 451, 454, 456, 460, 513, 515, 533, 553, 554, 556, 559, 563, 567, 570, 1131, 1132, 571, 573, 585, 587, 812, 869, 870, 172, 524, 526, 535, 806, 809, 826, 347, 877, 948, 1258, 500, 505, 543, 592, 593, 597, 599, 600, 810, 872, 909, 970, 1027, 1054, 1062, 1071, 1084, 1190, 1251, 1265, 1268, 1280, 1284, 818, 823, 831, 833, 842, 865, 866, 953, 956, 994, 995, 1033, 1066, 1067, 1070, 1287, 1288, 1298, 1301, 1315, 1326, 1431, 1650, 1660, 1727, 1072, 1081, 1345, 1355, 1439, 1699, 1704, 1707, 1714, 1716, 1720, 1721, 1723, 1742, 1743, 1744, 1747, 1748, 1751, 1753, 1759, 1766, 1768, 1774, 1775, 1776, 1781, 1788, 1790, 1791


Should be fine:
173, 174, 188, 190, 246, 537, 808, 822, 997, 400, 952, 1260, 598, 871, 913, 1078, 1079, 1283, 9,  40, 43, 57, 219, 272, 802, 832, 835, 836, 840, 1055, 1296, 1299, 1308, 1309, 1449, 1475, 1591, 1655, 1738, 1074, 1075, 1080, 1083, 1349, 1354, 1705, 1749, 1754, 1758, 1763, 1765, 1767, 1785 
